1 0.121851 0.807632 0.076822 0.049068
1 0.167297 0.703351 0.077028 0.048330
1 0.221624 0.590528 0.077614 0.048473
1 0.277204 0.466572 0.077805 0.048914
2 0.325639 0.349391 0.071854 0.038798
2 0.383234 0.222274 0.072968 0.043796
2 0.507708 0.249968 0.073804 0.039668
2 0.642179 0.283021 0.074962 0.041131
2 0.436769 0.098549 0.070652 0.040868
2 0.566461 0.121674 0.072631 0.039382
2 0.703065 0.153544 0.073393 0.041142
2 0.832083 0.177478 0.075138 0.042750
9 0.762689 0.313885 0.075485 0.077491
9 0.590170 0.412960 0.071967 0.076632
0 0.248907 0.849584 0.070007 0.045436
0 0.296301 0.735557 0.062589 0.042838
0 0.341533 0.619785 0.059027 0.045514
0 0.394599 0.497892 0.077674 0.043763
0 0.445921 0.377034 0.076706 0.042739
7 0.381649 0.885137 0.055246 0.034352
7 0.429073 0.774037 0.054865 0.033471
7 0.480593 0.653471 0.053912 0.031270
7 0.539134 0.542893 0.054308 0.030973
7 0.510595 0.921223 0.055436 0.034792
7 0.566308 0.810442 0.057591 0.034924
7 0.618062 0.693828 0.054293 0.032150
7 0.671524 0.572518 0.056053 0.032580
7 0.724187 0.449310 0.055862 0.032139
