1 0.072135 0.150000 0.040104 0.098148
1 0.195573 0.150463 0.039062 0.099074
1 0.330469 0.158333 0.039062 0.100000
1 0.477604 0.161111 0.039583 0.100000
2 0.615625 0.157870 0.028125 0.097222
2 0.766667 0.161574 0.034375 0.095370
2 0.769531 0.356481 0.028646 0.100000
2 0.769271 0.568981 0.030208 0.100926
2 0.913021 0.161574 0.031250 0.093519
2 0.922135 0.361111 0.028646 0.098148
2 0.923698 0.575926 0.030729 0.098148
2 0.931771 0.775000 0.032292 0.100000
9 0.767708 0.760185 0.078125 0.074074
9 0.616667 0.575000 0.078125 0.068519
0 0.060417 0.357407 0.037500 0.088889
0 0.194792 0.354630 0.036458 0.077778
0 0.330469 0.347685 0.041146 0.069444
0 0.474740 0.348148 0.032813 0.103704
0 0.617448 0.346759 0.031771 0.102778
7 0.057031 0.568981 0.027604 0.071296
7 0.188281 0.568056 0.026562 0.071296
7 0.330729 0.567130 0.023958 0.071296
7 0.464323 0.582407 0.023438 0.072222
7 0.052083 0.775463 0.028125 0.071296
7 0.185156 0.786574 0.027604 0.075000
7 0.323437 0.788426 0.025000 0.071296
7 0.467187 0.789815 0.025000 0.074074
7 0.612760 0.788889 0.024479 0.074074
