1 0.434870 0.915788 0.076822 0.049068
1 0.390010 0.811364 0.077028 0.048330
1 0.345650 0.696109 0.077614 0.048473
1 0.293589 0.571294 0.077805 0.048914
2 0.241050 0.455115 0.071854 0.038798
2 0.188145 0.326854 0.072968 0.043796
2 0.310524 0.294318 0.073804 0.039668
2 0.445186 0.261705 0.074962 0.041131
2 0.134610 0.203129 0.070652 0.040868
2 0.257635 0.164594 0.072631 0.039382
2 0.393096 0.130081 0.073393 0.041142
2 0.516208 0.092498 0.075138 0.042750
9 0.566839 0.233483 0.075485 0.077491
9 0.504818 0.389783 0.071967 0.076632
0 0.570498 0.893648 0.070007 0.045436
0 0.519586 0.780479 0.062589 0.042838
0 0.465559 0.666853 0.059027 0.045514
0 0.413079 0.544817 0.077674 0.043763
0 0.359998 0.424388 0.076706 0.042739
7 0.705717 0.863821 0.055246 0.034352
7 0.657121 0.753007 0.054865 0.033471
7 0.604428 0.632727 0.053912 0.031270
7 0.565235 0.517428 0.054308 0.030973
7 0.838282 0.836100 0.055436 0.034792
7 0.796642 0.721886 0.057591 0.034924
7 0.747233 0.604699 0.054293 0.032150
7 0.695530 0.482961 0.056053 0.032580
7 0.641694 0.360039 0.055862 0.032139
