1 0.095073 0.588352 0.056895 0.065377
1 0.182758 0.519040 0.056424 0.065194
1 0.280718 0.446505 0.056692 0.065597
1 0.385882 0.364858 0.057062 0.065891
2 0.482838 0.285718 0.048130 0.058227
2 0.591042 0.202274 0.052026 0.060939
2 0.649570 0.285640 0.049305 0.059732
2 0.710983 0.378436 0.050681 0.061015
2 0.694847 0.119855 0.049273 0.058372
2 0.759151 0.201720 0.048768 0.058924
2 0.822527 0.294499 0.050245 0.060097
2 0.885958 0.376748 0.051891 0.061785
9 0.765298 0.462681 0.076884 0.076292
9 0.604489 0.466999 0.075273 0.073870
0 0.146882 0.685380 0.052364 0.059873
0 0.241386 0.608496 0.048404 0.054442
0 0.335605 0.529062 0.049313 0.053449
0 0.438067 0.448018 0.053334 0.063693
0 0.538883 0.367047 0.052326 0.062703
7 0.205808 0.779532 0.040245 0.046630
7 0.298633 0.705216 0.039506 0.046043
7 0.399399 0.624593 0.037659 0.044577
7 0.498582 0.556021 0.037559 0.044688
7 0.262151 0.872344 0.040615 0.046923
7 0.359757 0.802249 0.041319 0.048245
7 0.458373 0.725184 0.038398 0.045164
7 0.560734 0.644837 0.039203 0.046375
7 0.663717 0.562454 0.038834 0.046081
